Nucleotide	Sequence	Modified_mutations	Modified_read_depth	Modified_effective_depth	Modified_rate	Untreated_mutations	Untreated_read_depth	Untreated_effective_depth	Untreated_rate	Denatured_mutations	Denatured_read_depth	Denatured_effective_depth	Denatured_rate	Reactivity_profile	Std_err	HQ_profile	HQ_stderr	Norm_profile	Norm_stderr
1	g	0	5357	4869	0.000000	0	5421	4868	0.000000	0	0	0	nan	0.000000	0.000000	nan	nan	nan	nan
2	g	0	5411	3858	0.000000	0	5487	3809	0.000000	0	0	0	nan	0.000000	0.000000	nan	nan	nan	nan
3	c	5	5433	3575	0.001399	3	5516	3550	0.000845	0	0	0	nan	0.000554	0.000793	nan	nan	nan	nan
4	c	7	5465	3359	0.002084	3	5545	3298	0.000910	0	0	0	nan	0.001174	0.000947	nan	nan	nan	nan
5	u	4	5483	3517	0.001137	6	5564	3417	0.001756	0	0	0	nan	-0.000619	0.000915	nan	nan	nan	nan
6	u	2	5516	3661	0.000546	0	5600	3560	0.000000	0	0	0	nan	0.000546	0.000386	nan	nan	nan	nan
7	c	9	5575	4104	0.002193	9	5646	4067	0.002213	0	0	0	nan	-0.000020	0.001038	nan	nan	nan	nan
8	g	14	5746	4737	0.002955	14	5830	4740	0.002954	0	0	0	nan	0.000002	0.001117	nan	nan	nan	nan
9	g	5	5858	5346	0.000935	10	5954	5404	0.001850	0	0	0	nan	-0.000915	0.000719	nan	nan	nan	nan
10	g	4	5912	5178	0.000772	5	6009	5240	0.000954	0	0	0	nan	-0.000182	0.000576	nan	nan	nan	nan
11	c	8	5939	5184	0.001543	12	6036	5247	0.002287	0	0	0	nan	-0.000744	0.000856	nan	nan	nan	nan
12	c	8	5965	5170	0.001547	7	6072	5247	0.001334	0	0	0	nan	0.000213	0.000744	nan	nan	nan	nan
13	a	6	5985	5522	0.001087	4	6089	5522	0.000724	0	0	0	nan	0.000362	0.000573	nan	nan	nan	nan
14	a	4	5998	5516	0.000725	7	6105	5556	0.001260	0	0	0	nan	-0.000535	0.000599	nan	nan	nan	nan
15	g	3	6016	5501	0.000545	7	6122	5611	0.001248	0	0	0	nan	-0.000702	0.000567	nan	nan	nan	nan
16	g	6	6026	5336	0.001124	4	6142	5484	0.000729	0	0	0	nan	0.000395	0.000586	nan	nan	nan	nan
17	a	5	6031	4813	0.001039	3	6158	4746	0.000632	0	0	0	nan	0.000407	0.000591	nan	nan	nan	nan
18	C	9	6040	4435	0.002029	2	6166	4413	0.000453	0	0	0	nan	0.001576	0.000749	0.001576	0.000749	0.080521	0.038268
19	U	14	6049	4388	0.003191	3	6177	4321	0.000694	0	0	0	nan	0.002496	0.000942	0.002496	0.000942	0.127525	0.048129
20	C	14	6067	4440	0.003153	18	6192	4519	0.003983	0	0	0	nan	-0.000830	0.001262	-0.000830	0.001262	-0.042406	0.064478
21	G	87	6088	4925	0.017665	99	6227	5042	0.019635	0	0	0	nan	-0.001970	0.002735	-0.001970	0.002735	-0.100651	0.139736
22	G	41	6140	5317	0.007711	54	6307	5534	0.009758	0	0	0	nan	-0.002047	0.001793	-0.002047	0.001793	-0.104585	0.091608
23	G	28	6182	5562	0.005034	50	6353	5905	0.008467	0	0	0	nan	-0.003433	0.001529	-0.003433	0.001529	-0.175398	0.078119
24	G	51	6220	5440	0.009375	45	6378	5755	0.007819	0	0	0	nan	0.001556	0.001756	0.001556	0.001756	0.079499	0.089717
25	U	43	6231	5401	0.007961	34	6393	5690	0.005975	0	0	0	nan	0.001986	0.001589	0.001986	0.001589	0.101468	0.081185
26	G	111	6250	5324	0.020849	90	6406	5576	0.016141	0	0	0	nan	0.004708	0.002610	0.004708	0.002610	0.240540	0.133350
27	C	48	6264	5275	0.009100	52	6419	5550	0.009369	0	0	0	nan	-0.000270	0.001847	-0.000270	0.001847	-0.013795	0.094367
28	C	68	6275	5312	0.012801	37	6428	5559	0.006656	0	0	0	nan	0.006145	0.001899	0.006145	0.001899	0.313959	0.097023
29	C	184	6287	5355	0.034360	74	6443	5648	0.013102	0	0	0	nan	0.021258	0.002956	0.021258	0.002956	1.086110	0.151027
30	U	27	6298	4983	0.005418	39	6456	5176	0.007535	0	0	0	nan	-0.002116	0.001595	-0.002116	0.001595	-0.108110	0.081491
31	U	39	6307	4811	0.008106	32	6470	4908	0.006520	0	0	0	nan	0.001586	0.001736	0.001586	0.001736	0.081032	0.088695
32	C	22	6321	4715	0.004666	28	6493	4818	0.005812	0	0	0	nan	-0.001146	0.001482	-0.001146	0.001482	-0.058551	0.075718
33	U	213	6323	4932	0.043187	32	6521	5121	0.006249	0	0	0	nan	0.036939	0.003159	0.036939	0.003159	1.887281	0.161399
34	G	350	6350	5111	0.068480	33	6563	5560	0.005935	0	0	0	nan	0.062544	0.003803	0.062544	0.003803	3.195488	0.194302
35	C	224	6361	5608	0.039943	64	6588	6070	0.010544	0	0	0	nan	0.029399	0.002976	0.029399	0.002976	1.502049	0.152049
36	G	333	6385	5668	0.058751	34	6653	6107	0.005567	0	0	0	nan	0.053184	0.003358	0.053184	0.003358	2.717268	0.171566
37	U	306	6409	5920	0.051689	20	6705	6215	0.003218	0	0	0	nan	0.048471	0.003041	0.048471	0.003041	2.476472	0.155370
38	G	65	6437	5965	0.010897	30	6729	6258	0.004794	0	0	0	nan	0.006103	0.001610	0.006103	0.001610	0.311813	0.082258
39	A	39	6454	6032	0.006466	21	6748	6354	0.003305	0	0	0	nan	0.003161	0.001262	0.003161	0.001262	0.161501	0.064478
40	A	53	6460	6080	0.008717	19	6754	6372	0.002982	0	0	0	nan	0.005735	0.001379	0.005735	0.001379	0.293012	0.070456
41	G	35	6466	6099	0.005739	38	6768	6394	0.005943	0	0	0	nan	-0.000204	0.001368	-0.000204	0.001368	-0.010423	0.069894
42	G	70	6470	6030	0.011609	67	6770	6323	0.010596	0	0	0	nan	0.001012	0.001898	0.001012	0.001898	0.051705	0.096972
43	C	39	6471	6028	0.006470	27	6774	6325	0.004269	0	0	0	nan	0.002201	0.001322	0.002201	0.001322	0.112453	0.067543
44	U	50	6472	6024	0.008300	34	6777	6343	0.005360	0	0	0	nan	0.002940	0.001491	0.002940	0.001491	0.150210	0.076178
45	G	33	6481	6072	0.005435	34	6784	6403	0.005310	0	0	0	nan	0.000125	0.001313	0.000125	0.001313	0.006386	0.067084
46	A	47	6483	6105	0.007699	16	6796	6441	0.002484	0	0	0	nan	0.005215	0.001283	0.005215	0.001283	0.266444	0.065551
47	G	53	6487	6092	0.008700	64	6804	6472	0.009889	0	0	0	nan	-0.001189	0.001719	-0.001189	0.001719	-0.060748	0.087827
48	A	70	6491	5904	0.011856	43	6817	6487	0.006629	0	0	0	nan	0.005228	0.001741	0.005228	0.001741	0.267108	0.088951
49	A	563	6496	6010	0.093677	11	6821	6417	0.001714	0	0	0	nan	0.091963	0.003982	0.091963	0.003982	4.698558	0.203448
50	A	30	6503	5396	0.005560	0	6828	5830	0.000000	0	0	0	nan	0.005560	0.001015	0.005560	0.001015	0.284071	0.051858
51	U	300	6505	4653	0.064475	20	6833	5112	0.003912	0	0	0	nan	0.060562	0.003824	0.060562	0.003824	3.094224	0.195375
52	A	13	6515	4659	0.002790	19	6837	5069	0.003748	0	0	0	nan	-0.000958	0.001157	-0.000958	0.001157	-0.048946	0.059113
53	C	31	6525	4763	0.006509	52	6845	5177	0.010044	0	0	0	nan	-0.003536	0.001818	-0.003536	0.001818	-0.180661	0.092885
54	C	21	6542	6148	0.003416	32	6862	6381	0.005015	0	0	0	nan	-0.001599	0.001158	-0.001599	0.001158	-0.081696	0.059164
55	C	76	6555	6218	0.012223	79	6877	6467	0.012216	0	0	0	nan	0.000007	0.001963	0.000007	0.001963	0.000358	0.100293
56	G	51	6568	6167	0.008270	54	6903	6441	0.008384	0	0	0	nan	-0.000114	0.001626	-0.000114	0.001626	-0.005824	0.083075
57	U	66	6582	6158	0.010718	18	6914	6429	0.002800	0	0	0	nan	0.007918	0.001475	0.007918	0.001475	0.404545	0.075360
58	A	59	6592	6147	0.009598	12	6920	6428	0.001867	0	0	0	nan	0.007731	0.001361	0.007731	0.001361	0.394991	0.069536
59	U	213	6602	6098	0.034929	25	6925	6411	0.003900	0	0	0	nan	0.031030	0.002517	0.031030	0.002517	1.585380	0.128598
60	C	66	6621	5856	0.011270	20	6941	6230	0.003210	0	0	0	nan	0.008060	0.001562	0.008060	0.001562	0.411800	0.079805
61	A	32	6626	5874	0.005448	17	6945	6235	0.002727	0	0	0	nan	0.002721	0.001168	0.002721	0.001168	0.139021	0.059675
62	C	36	6636	5888	0.006114	37	6960	6256	0.005914	0	0	0	nan	0.000200	0.001408	0.000200	0.001408	0.010218	0.071937
63	C	24	6646	6276	0.003824	18	6975	6567	0.002741	0	0	0	nan	0.001083	0.001013	0.001083	0.001013	0.055332	0.051756
64	U	29	6651	6070	0.004778	21	6990	6591	0.003186	0	0	0	nan	0.001591	0.001127	0.001591	0.001127	0.081287	0.057580
65	G	29	6657	6030	0.004809	42	7001	6598	0.006366	0	0	0	nan	-0.001556	0.001328	-0.001556	0.001328	-0.079499	0.067850
66	A	103	6662	6113	0.016849	16	7010	6577	0.002433	0	0	0	nan	0.014417	0.001768	0.014417	0.001768	0.736591	0.090330
67	U	457	6665	6260	0.073003	23	7018	6585	0.003493	0	0	0	nan	0.069510	0.003492	0.069510	0.003492	3.551393	0.178413
68	C	30	6683	6353	0.004722	36	7026	6603	0.005452	0	0	0	nan	-0.000730	0.001253	-0.000730	0.001253	-0.037297	0.064018
69	U	60	6691	6304	0.009518	63	7031	6615	0.009524	0	0	0	nan	-0.000006	0.001717	-0.000006	0.001717	-0.000307	0.087725
70	G	79	6697	6322	0.012496	105	7037	6623	0.015854	0	0	0	nan	-0.003358	0.002091	-0.003358	0.002091	-0.171566	0.106833
71	G	36	6703	6301	0.005713	39	7042	6638	0.005875	0	0	0	nan	-0.000162	0.001339	-0.000162	0.001339	-0.008277	0.068412
72	A	76	6690	6283	0.012096	43	7038	6689	0.006428	0	0	0	nan	0.005668	0.001699	0.005668	0.001699	0.289589	0.086805
73	U	61	6691	6282	0.009710	42	7046	6700	0.006269	0	0	0	nan	0.003442	0.001575	0.003442	0.001575	0.175858	0.080470
74	A	117	6651	6366	0.018379	26	7024	6702	0.003879	0	0	0	nan	0.014499	0.001862	0.014499	0.001862	0.740780	0.095133
75	A	12	6657	6352	0.001889	4	7027	6689	0.000598	0	0	0	nan	0.001291	0.000622	0.001291	0.000622	0.065960	0.031779
76	U	36	6658	6284	0.005729	35	7032	6620	0.005287	0	0	0	nan	0.000442	0.001308	0.000442	0.001308	0.022583	0.066828
77	G	84	6660	6217	0.013511	45	7031	6525	0.006897	0	0	0	nan	0.006615	0.001797	0.006615	0.001797	0.337972	0.091812
78	C	44	6663	6225	0.007068	57	7036	6517	0.008746	0	0	0	nan	-0.001678	0.001574	-0.001678	0.001574	-0.085732	0.080419
79	C	46	6666	6216	0.007400	43	7048	6536	0.006579	0	0	0	nan	0.000821	0.001482	0.000821	0.001482	0.041946	0.075718
80	A	35	6669	6265	0.005587	49	7052	6559	0.007471	0	0	0	nan	-0.001884	0.001425	-0.001884	0.001425	-0.096257	0.072806
81	G	78	6675	6237	0.012506	71	7052	6529	0.010875	0	0	0	nan	0.001631	0.001916	0.001631	0.001916	0.083331	0.097892
82	C	54	6686	6291	0.008584	48	7064	6563	0.007314	0	0	0	nan	0.001270	0.001574	0.001270	0.001574	0.064887	0.080419
83	G	53	6711	6282	0.008437	41	7083	6580	0.006231	0	0	0	nan	0.002206	0.001513	0.002206	0.001513	0.112709	0.077302
84	U	85	6715	6287	0.013520	37	7091	6534	0.005663	0	0	0	nan	0.007857	0.001737	0.007857	0.001737	0.401429	0.088747
85	A	34	6727	6295	0.005401	28	7096	6533	0.004286	0	0	0	nan	0.001115	0.001230	0.001115	0.001230	0.056967	0.062843
86	G	674	6736	6439	0.104675	1069	7100	6741	0.158582	0	0	0	nan	-0.053907	0.006307	nan	nan	nan	nan
87	G	75	6775	6499	0.011540	96	7131	6839	0.014037	0	0	0	nan	-0.002497	0.001957	-0.002497	0.001957	-0.127576	0.099987
88	G	36	6782	6482	0.005554	39	7136	6848	0.005695	0	0	0	nan	-0.000141	0.001299	-0.000141	0.001299	-0.007204	0.066368
89	A	34	6790	6455	0.005267	32	7136	6815	0.004696	0	0	0	nan	0.000572	0.001227	0.000572	0.001227	0.029225	0.062690
90	A	26	6792	6446	0.004034	9	7138	6759	0.001332	0	0	0	nan	0.002702	0.000907	0.002702	0.000907	0.138050	0.046340
91	G	120	6797	6366	0.018850	133	7139	6666	0.019952	0	0	0	nan	-0.001102	0.002440	-0.001102	0.002440	-0.056303	0.124664
92	U	70	6809	6362	0.011003	59	7146	6667	0.008850	0	0	0	nan	0.002153	0.001748	0.002153	0.001748	0.110001	0.089309
93	U	30	6823	6263	0.004790	33	7157	6660	0.004955	0	0	0	nan	-0.000165	0.001228	-0.000165	0.001228	-0.008430	0.062741
94	C	169	6829	6075	0.027819	31	7161	6657	0.004657	0	0	0	nan	0.023162	0.002298	0.023162	0.002298	1.183389	0.117409
95	U	329	6829	6238	0.052741	36	7168	6584	0.005468	0	0	0	nan	0.047273	0.003047	0.047273	0.003047	2.415264	0.155677
96	C	63	6843	6209	0.010147	25	7173	6538	0.003824	0	0	0	nan	0.006323	0.001490	0.006323	0.001490	0.323054	0.076127
97	G	66	6855	6179	0.010681	60	7187	6539	0.009176	0	0	0	nan	0.001506	0.001770	0.001506	0.001770	0.076944	0.090433
98	A	69	6864	6184	0.011158	44	7197	6560	0.006707	0	0	0	nan	0.004451	0.001681	0.004451	0.001681	0.227410	0.085885
99	U	84	6871	6164	0.013628	79	7205	6516	0.012124	0	0	0	nan	0.001504	0.002018	0.001504	0.002018	0.076842	0.103103
100	C	92	6875	6172	0.014906	119	7217	6493	0.018327	0	0	0	nan	-0.003421	0.002289	-0.003421	0.002289	-0.174785	0.116949
101	C	62	6886	6144	0.010091	56	7222	6476	0.008647	0	0	0	nan	0.001444	0.001726	0.001444	0.001726	0.073777	0.088185
102	G	90	6891	6136	0.014668	107	7237	6555	0.016323	0	0	0	nan	-0.001656	0.002209	-0.001656	0.002209	-0.084608	0.112862
103	G	88	6901	6086	0.014459	76	7244	6631	0.011461	0	0	0	nan	0.002998	0.002026	0.002998	0.002026	0.153173	0.103512
104	U	106	6911	6068	0.017469	46	7254	6700	0.006866	0	0	0	nan	0.010603	0.001976	0.010603	0.001976	0.541727	0.100957
105	U	99	6918	6096	0.016240	21	7265	6716	0.003127	0	0	0	nan	0.013113	0.001769	0.013113	0.001769	0.669967	0.090381
106	C	242	6923	6042	0.040053	28	7282	6663	0.004202	0	0	0	nan	0.035851	0.002694	0.035851	0.002694	1.831693	0.137641
107	G	305	6914	6202	0.049178	56	7278	6621	0.008458	0	0	0	nan	0.040720	0.003034	0.040720	0.003034	2.080459	0.155013
108	C	42	6919	6281	0.006687	26	7283	6682	0.003891	0	0	0	nan	0.002796	0.001283	0.002796	0.001283	0.142853	0.065551
109	C	26	6925	6356	0.004091	20	7284	6793	0.002944	0	0	0	nan	0.001146	0.001038	0.001146	0.001038	0.058551	0.053033
110	G	46	6921	6454	0.007127	64	7289	6908	0.009265	0	0	0	nan	-0.002137	0.001564	-0.002137	0.001564	-0.109183	0.079908
111	G	34	6929	6440	0.005280	38	7297	6887	0.005518	0	0	0	nan	-0.000238	0.001273	-0.000238	0.001273	-0.012160	0.065040
112	A	42	6934	6386	0.006577	29	7303	6805	0.004262	0	0	0	nan	0.002315	0.001287	0.002315	0.001287	0.118278	0.065755
113	U	52	6940	6344	0.008197	48	7313	6712	0.007151	0	0	0	nan	0.001045	0.001535	0.001045	0.001535	0.053391	0.078426
114	C	50	6949	6314	0.007919	7	7323	6653	0.001052	0	0	0	nan	0.006867	0.001188	0.006867	0.001188	0.350848	0.060697
115	C	122	6956	6365	0.019167	30	7327	6686	0.004487	0	0	0	nan	0.014680	0.001919	0.014680	0.001919	0.750028	0.098045
116	A	304	6948	6126	0.049625	174	7321	6677	0.026060	0	0	0	nan	0.023565	0.003465	0.023565	0.003465	1.203979	0.177033
117	A	529	7052	6596	0.080200	263	7373	6883	0.038210	0	0	0	nan	0.041990	0.004208	0.041990	0.004208	2.145346	0.214994
118	A	10	7063	6568	0.001523	15	7376	6828	0.002197	0	0	0	nan	-0.000674	0.000744	-0.000674	0.000744	-0.034436	0.038012
119	U	3	7063	6555	0.000458	15	7372	6786	0.002210	0	0	0	nan	-0.001753	0.000629	-0.001753	0.000629	-0.089564	0.032137
120	c	39	7059	6660	0.005856	39	7371	6865	0.005681	0	0	0	nan	0.000175	0.001306	nan	nan	nan	nan
121	g	5	7059	6774	0.000738	9	7368	6997	0.001286	0	0	0	nan	-0.000548	0.000541	nan	nan	nan	nan
122	g	1	7057	6819	0.000147	2	7368	7057	0.000283	0	0	0	nan	-0.000137	0.000248	nan	nan	nan	nan
123	g	2	7056	6708	0.000298	3	7368	6967	0.000431	0	0	0	nan	-0.000132	0.000326	nan	nan	nan	nan
124	c	5	7056	6694	0.000747	5	7367	6912	0.000723	0	0	0	nan	0.000024	0.000465	nan	nan	nan	nan
125	u	1	7055	6682	0.000150	1	7366	6885	0.000145	0	0	0	nan	0.000004	0.000209	nan	nan	nan	nan
126	u	3	7055	6678	0.000449	0	7366	6861	0.000000	0	0	0	nan	0.000449	0.000259	nan	nan	nan	nan
127	c	4	7055	6669	0.000600	6	7364	6856	0.000875	0	0	0	nan	-0.000275	0.000466	nan	nan	nan	nan
128	g	6	7055	6687	0.000897	5	7363	6896	0.000725	0	0	0	nan	0.000172	0.000489	nan	nan	nan	nan
129	g	3	7054	6695	0.000448	5	7361	6945	0.000720	0	0	0	nan	-0.000272	0.000413	nan	nan	nan	nan
130	u	2	7052	6690	0.000299	2	7361	6916	0.000289	0	0	0	nan	0.000010	0.000294	nan	nan	nan	nan
131	c	11	7052	6672	0.001649	6	7360	6919	0.000867	0	0	0	nan	0.000782	0.000610	nan	nan	nan	nan
132	c	12	7051	6727	0.001784	13	7359	6915	0.001880	0	0	0	nan	-0.000096	0.000733	nan	nan	nan	nan
133	g	2	7051	6775	0.000295	5	7357	6944	0.000720	0	0	0	nan	-0.000425	0.000384	nan	nan	nan	nan
134	g	1	7051	6707	0.000149	1	7356	6870	0.000146	0	0	0	nan	0.000004	0.000208	nan	nan	nan	nan
135	u	2	7050	6671	0.000300	1	7356	6848	0.000146	0	0	0	nan	0.000154	0.000257	nan	nan	nan	nan
136	u	4	7044	6632	0.000603	1	7348	6814	0.000147	0	0	0	nan	0.000456	0.000335	nan	nan	nan	nan
137	c	0	7030	0	nan	0	7332	0	nan	0	0	0	nan	nan	nan	nan	nan	nan	nan